INDEX (ΞΒ-1181411603. 180

17777711777718, 1. 777 7776777 77 147, 8.
ξυίἓςτεέος, 16, 155. 17, 1. 71, 11. Ἥξζεῗ, 37, 153. 51, 17. 81, 4.
17177771177891.114,1.147,3.7771 77517,18.40, 7. 00,1. 10810 ·
7177777717719,56. 7777777716 7177513413.
707776577677751. q. 7177777 41776747 στεφάνη 7717777576, 1.511, 13,
114, l. στήλη καθεζομένη 38, 175,
31737563677715, 10. 77771767 31, 13 34, 518. 41,1 11,
καθ’ 6167717777 161, 11. 58,11. 60, 3.

677777θῇ 777 5598, 5. 77 7167777767 55, 3.

6717777777 77767 141, 7. 77777] 76113, 15.
67077777677777 146, 14. 141, 19. 7777777577 56, 47116. 59, 6. 185, 55,
67776 7777 133, 11. 77777 7776707577 35, 6. 36, 17 515
6777776777 60, 51. 180, 11. 555, 1. 69, 10. 5114, 6.5 185, 15
67177777 79, 51. 777767716777777 111,5 3.
7777776777580,11. 777771777117,10.

7767777711,3. 66,11. 777777761110.

7717717775677777 16, 4. 777777θῆ767 83, 19. 110,17. 110,
77676777777155,13.51111013.

7777677777163, 6. 77777767777778,11.
777777677777116,8. 777377769316.111,18.143,14.
1556511615 55 ¹⁷· 3333, 3⁹. 35 ³3 ’5

α α 7

7767661919. 767777767777145,13.

περ 7177777 145, 11. σχηματογραφία 16, 8. 75, 7.
2532031’353, ¹153. 33333333
138,15.141,8. 777ξ776777361.68,14.
πιστωρεῖον 1015, 7. 118, 16. τελειωθῆναι 1. q. 67717677νεῖ77 191,
77777677735,16 19.

7717777767 115, 14. 104, 7. 7777736777 37, 9. 43, 5. 86, 3
77771177 41, 7. 7777617777146 7.

7770177777 54, 17. 09, 15. 777777677777 57, 4.

ποιεῖν 347757767777710, 14. 97, 16. 7177716777715, 55. 69, 16

101, 13. 7177777767777519, 6. 511, 9. 81,.3
77717775777771177 143,15. 7777617713, 3, 4.

777716777791, 159. 77777777657715177 73,17.
77677771617115 43,10.47,14. 77761771601776514111.
7777167775777 79, 11. 77771767 1451, 6.
777677777779,15. 7777117767851, 1.
777473777ροῦ7,1517,14.141,13.147,τὲμβοσῖὅέἓ, 45,,

7 7777 e
3173311173...777...3131317...
6777776777718, 5. 0777777 7773767777 145, 13.
17177417. 77777657777145, 13.

67777 48, 510. 7777117710, 16. 11, 13.
6777677548, 9. 77777771677777 106,51.
56767771 777177 141, 11. 77677167 7777 51,74 195.
7777767777 139, 151. 77177756377777 563, 11.
77776771701. 7771711777 85, 1.
77777767 51, 15. 7777177617 7777 5,85 3.
777777777777 30, 11. 41, 6. 50, 3.. 77176757160, 155.
77617777144,9.5 77167144, 15. 146, 7.
7777761777 49, 15. 77171777767175, 15.

19

 

